C=[3302.51	3318.14	3359.15	3295.83
3318.14	3311.05	3350.22	3272.14
3311.05	3338.42	3423.71	3276.3
3338.37	3242.6	3344.36	3189.5
3242.6	3327.55	3365.53	3223.17
3328.3	3282.74	3364.9	3204.77
3282.68	3216.67	3449.78	3150.35
3216.74	3308.73	3445.65	3133.37
3308.74	3472.84	3493.38	3233.53
3472.84	3307.1	3524.96	3307.1
3307	3450.79	3459.88	3267.48
3450.79	3224.16	3469.81	3187.66
3224.06	3137.77	3254.32	3127.34
3137.73	3267.52	3337.9	2943.61
3267.3	3282.89	3299.65	3225.06
3283.57	3267.08	3319.41	3219.02
3267.08	3218.15	3320.94	3197.86
3218.15	3327.14	3356.69	3160.67
3327.14	3380.5	3414.89	3218.35
3380.56	3687.71	3700.71	3358.95
3687.75	3635.11	3742.07	3611.01
3635.11	3656.94	3672.41	3596.63
3656.13	3608.79	3669.62	3574.98
3608.79	3455.21	3626.1	3424.79
3455.19	3360.14	3494.6	3355.49
3360.14	3337.8	3373.11	3315.98
3337.8	3361.99	3449.27	3317.39
3361.99	3355.97	3436.83	3306.11
3355.97	3404.53	3412.32	3327.45
3404.59	3334.23	3427.65	3322.42
3334.19	3335.96	3438.85	3309.03
3335.96	3496.5	3512.77	3305.53
3496.49	3493.33	3546.29	3442.61
3493.31	3422.01	3539.54	3359.77
3422.01	3281.58	3463.58	3220.1
3281.58	3338.72	3401.96	3223.39
3338.66	3474.05	3555.05	3294
3474.01	3418.83	3496.35	3103.72
3418.84	3627.82	3719.52	3337.46
3627.88	3892.79	3902.3	3620.61
3892.79	3986.91	4040.69	3851.17
3986.91	3959.89	4102.9	3885.84
3959.81	3871.13	3973.48	3832.12
3871.13	3906.78	3943.06	3828.23
3909.48	3881.57	3966.5	3853.92
3881.63	3831.7	3985.32	3797.58
3831.41	3628.97	3848.02	3564.79
3628.94	3718.98	3778.81	3521.57
3718.98	4002.91	4005.08	3550.21
4002.91	3996.25	4015.24	3924.77
3996.24	3998.92	4023.96	3969.39
3999.51	3785.07	4084.99	3780.34
3785.1	3836.23	3950.67	3696.83
3836.25	3615.07	3885.69	3615.07
3615.07	3643.5	3669.4	3510.19
3643.48	3707.86	3756.7	3561.95
3708.33	3702.96	3743.78	3660.98
3702.97	3592.13	3733.47	3572.64
3592.13	3578.42	3642.95	3539.02
3578.41	3653.26	3661.4	3530.79
3653.79	3326.3	3684.68	3303.79
3326.3	3412.15	3460.4	3254.45
3412.18	3361.47	3544.71	3301.68
3361.41	3393.92	3448.58	3285.45
3393.91	3327.68	3495.09	3316.84
3327.77	3356.42	3424.47	3261.04
3356.43	3069.96	3386.41	3034.44
3069.72	3106.07	3158.15	3030.91
3105.97	3207.54	3219.8	3066.26
3207.46	3075.42	3220.65	3052.29
3075.42	3132.04	3160.1	3037.49
3132	3089.44	3215.9	3072.83
3089.45	3058.15	3128.59	3015.75
3058.22	3187.02	3238.39	3038.03
3187.02	3244.57	3326.89	3117.79
3242.44	3372.15	3440.05	3209.16
3372.13	3185.97	3384.62	3107.45
3186.05	3126.25	3247.49	3076.4
3127.69	2961.62	3153.38	2954.56
2961.34	2894.2	2981.51	2887.19
2894.13	2721.85	2914.81	2700.01
2721.85	2422.5	2740.34	2422.03
2422.5	2398.95	2478.74	2380.8
2398.95	2457.68	2490.21	2362.91
2457.68	2492.54	2496.33	2411.72
2492.45	2511.96	2523.41	2472.02
2511.96	2519.14	2584.17	2471.45
2519.14	2658.62	2668.39	2506.64
2658.62	2638.64	2719.9	2600.61
2638.64	2567.41	2679.5	2561.32
2567.41	2507.82	2587.71	2473.03
2507.39	2482.52	2525.37	2465.72
2482.52	2441.2	2506.39	2430.77
2441.18	2535.87	2564.13	2386.98
2535.87	2524.64	2561.75	2508.98
2526.1	2622.91	2625.51	2463.67
2621.79	2666.66	2671.28	2607.54
2666.66	2747.28	2766.1	2656.65
2747.28	2647.42	2757.52	2635.82
2647.39	2641.72	2662.63	2631.27
2641.72	2605.53	2675.17	2596.72
2605.53	2611.09	2646.96	2578.23
2611.09	2607.79	2645.42	2589.72
2607.84	2630.54	2682.02	2540.15
2630.54	2468.94	2651.52	2444.63
2468.92	2476.46	2484.13	2437.44
2476.48	2436.77	2489.53	2434.39
2436.73	2385.4	2470.65	2382.22
2385.4	2370.1	2417.9	2353.08
2370.13	2440.91	2472.03	2355.24
2440.93	2422.73	2461.96	2403.2
2422.75	2440.33	2520.05	2407.05
2440.33	2414.98	2455.95	2407.13
2414.98	2414.44	2427.34	2390.08
2414.43	2349.67	2440.74	2339.97
2349.67	2365.53	2402.68	2311.68
2365.57	2449.65	2498.7	2355.21
2449.67	2602.3	2656.71	2422.11
2603.48	2657.67	2661.71	2579.32
2657.67	2675.71	2683.73	2634.69
2675.71	2694.53	2703.83	2651.38
2694.53	2632.05	2726.69	2616.01
2632.05	2580.29	2664.95	2560.48
2580.34	2652.47	2672.17	2557.82
2652.5	2647.65	2669.32	2593.31
2647.65	2581.06	2701.6	2544.68
2582.35	2613.25	2631.37	2527.75
2613.35	2561.29	2619.81	2530.28
2561.79	2464.52	2570.58	2438.98
2464.49	2374.95	2491.54	2373.22
2372.18	2341.83	2372.54	2278.97
2341.82	2295.72	2392.33	2264.52
2295.72	2317.04	2334.45	2254.52
2317.04	2417.56	2428.91	2294.55
2417.56	2439.29	2440.4	2384.99
2440.12	2361.79	2459.47	2337.76
2361.79	2340.33	2387.25	2316.39
2340.19	2387.98	2388.4	2279
2387.71	2359.55	2397.1	2323.91
2359.6	2296.24	2377.64	2274.51
2296.19	2273.7	2331.99	2243.34
2274.87	2225.69	2310.57	2222.93
2225.72	2368.86	2407.07	2151.8
2369.18	2450.74	2465.66	2351.72
2450.18	2423.41	2488.86	2317.85
2423.4	2538.35	2551.94	2419.89
2538.35	2427.35	2560.67	2425.66
2427.49	2513.06	2515.77	2403.61
2513.56	2525.47	2532.93	2493.84
2525.45	2528.49	2540.79	2436.95
2528.72	2527.78	2594.63	2509.17
2527.73	2457.92	2553.02	2421.79
2457.99	2680.18	2699.73	2396.02
2680.3	2746.1	2761.69	2668.63
2747.99	2768.9	2792.11	2734.78
2768.49	2763.04	2818.05	2735.78
2762.86	2623.06	2794.82	2622.15
2623.06	2630.67	2644.06	2587.15
2630.67	2572.74	2659.21	2541.32
2572.9	2637.1	2692.61	2557.87
2637.1	2612.1	2647.65	2565.17
2612.1	2614.35	2682.09	2596.76
2614.35	2592.38	2626.62	2588.44
2592.38	2569.9	2627.47	2552.92
2569.44	2662.95	2675.13	2525
2662.95	2702.44	2761.71	2636
2702.95	2722.66	2737.55	2612.8
2722.64	2553.57	2747.46	2518.31
2553.57	2609.91	2713.68	2545.99
2610.24	2598.79	2640.46	2579.59
2598.9	2682.25	2703.8	2556.98
2683.84	2342.81	2716.5	2322.98
2337.83	2461.84	2550.36	2311.79
2461.92	2415.98	2548.23	2415.98
2415.99	2688.59	2696.91	2166.31
2688.55	2904.59	2931.4	2639.79
2904.59	2990.32	3017.57	2863.44
2990.32	3203.37	3217.36	2967.43
3204.93	3231.81	3242.07	3082.01
3231.84	3278.94	3348.63	3216.48
3278.94	3318.24	3366.02	3237.67
3318.24	3270.32	3396.7	3260.86
3270.32	3248.83	3282.54	3201.64
3247.06	3275.12	3326.91	3199.8
3275.12	3175.52	3285.72	3173.08
3175.52	3335.33	3342.15	3089.07
3335.33	3482.54	3487.04	3311.8
3482.54	3440.01	3537.89	3396.7
3440.01	3535.55	3559.66	3424.86
3535.55	3517.04	3544.71	3415.57
3517.04	3504.42	3538.32	3480.08
3504.42	3425.95	3539.42	3377.94
3425.94	3387.83	3489.43	3374.48
3387.81	3443.02	3514.65	3378.55
3442.99	3483.5	3494.6	3347.85
3484.78	3243.5	3490.89	3233.77
3243.5	3175.1	3265.8	3165.38
3175.1	3134.15	3200.12	3113.52
3133.33	3099.82	3157.43	3048.61
3099.82	3101.17	3214.07	3057.55
3101.17	3065.11	3149.76	3026.42
3065.11	3019.64	3108.63	3004.62
3019.64	2930.48	3084.2	2826.32
2930.48	3068.79	3072.32	2923.63
3068.79	2981.4	3080.16	2955.65
2981.4	3057.85	3108.66	2822.44
3057.81	3295.13	3313.23	3052.15
3295.13	3421.71	3432.12	3256.31
3421.71	3442.66	3463.9	3402.98
3442.67	3437.84	3522	3426.69
3437.84	3378.6	3459.12	3356.74
3378.6	3380.17	3408.32	3374.78
3380.15	3450.45	3487.12	3369.65
3450.45	3370.79	3472.72	3364.08
3370.72	3395.03	3424.75	3328.42
3395.03	3352.26	3424.88	3337.14
3352.29	3420.83	3433.89	3245.76
3420.84	3495.96	3520.35	3410.03
3495.87	3518.03	3520.8	3476.08
3518.03	3512.95	3543.69	3447.5
3512.91	3561.24	3624.46	3486.58
3561.3	3484.57	3585.8	3466.82
3484.55	3511.52	3515.87	3373.14
3511.52	3625.11	3636.99	3470.65
3625.11	3568.74	3650.11	3541.46
3568.72	3481.75	3592.84	3474.26
3481.84	3470.16	3530.94	3368.09
3470.15	3559.95	3561.15	3433.13
3559.95	3497.99	3652.79	3464.17
3498	3667.85	3672.92	3433.2
3667.85	3706.32	3711.9	3650.33
3706.32	3681.59	3719.02	3668.45
3681.59	3678.36	3709.44	3670.34
3678.37	3812.95	3840.88	3608.44
3812.95	3865.15	3878.28	3765.23
3865.14	3810.35	3885.15	3778.13
3810.35	3767.1	3831.41	3743.11
3767.1	3782.06	3849.47	3759.07
3782.08	3815.95	3838.34	3753.62
3815.95	3762.63	3832.35	3753.32
3762.66	3747.89	3844.96	3724.57
3747.55	3767.22	3824.94	3703.74
3769.57	3845.56	3886.44	3745.72
3845.56	3894.33	3929.21	3775.08
3894.33	3825.99	3976	3824.33
3826.02	3749.28	3881.62	3733.77
3749.28	3728.32	3776.75	3709.7
3728.21	3785.61	3829.13	3635.18
3785.65	3739.07	3941.42	3645.49
3739.08	3790.42	3810.5	3654.54
3790.46	3661.04	3833.07	3630.71
3661.07	3072.07	3679.47	3048.33
3072.08	3122.87	3135.99	3058.31
