C=[1.13135	1.13198	1.13113	1.13175	1569
1.13171	1.13298	1.12704	1.13201	64559
1.13202	1.13544	1.13020	1.13063	51597
1.13061	1.13108	1.12444	1.12626	191593
1.12627	1.12968	1.12585	1.12837	133580
1.12839	1.13399	1.11801	1.11930	148183
1.11772	1.11907	1.11772	1.11859	2925
1.11860	1.12071	1.11574	1.11861	54749
1.11862	1.11916	1.11313	1.11437	176785
1.11436	1.11647	1.11224	1.11570	160610
1.11569	1.12044	1.11268	1.11959	153675
1.11958	1.12515	1.11497	1.11574	92037
1.11560	1.11571	1.11533	1.11541	668
1.11543	1.11816	1.11388	1.11467	35468
1.11466	1.12624	1.11403	1.12486	114883
1.12487	1.12708	1.12280	1.12386	175632
1.12388	1.13264	1.12339	1.12639	176543
1.12638	1.12843	1.11980	1.12257	130823
1.12348	1.12363	1.12286	1.12343	2025
1.12341	1.12680	1.12097	1.12343	231770
1.12342	1.12600	1.12031	1.12161	241621
1.12163	1.12735	1.12126	1.12488	176492
1.12489	1.12837	1.12184	1.12436	226664
1.12437	1.12498	1.11486	1.11526	191542
1.11519	1.11576	1.11519	1.11529	1888
1.11527	1.11972	1.11499	1.11745	163064
1.11746	1.12128	1.11493	1.11515	195597
1.11514	1.11959	1.11227	1.11897	259416
1.11898	1.12567	1.11843	1.12069	195494
1.12070	1.12399	1.11932	1.12262	170949
1.12261	1.12297	1.12259	1.12273	1496
1.12273	1.12782	1.12205	1.12517	39010
1.12516	1.12582	1.11903	1.12178	187967
1.12177	1.12362	1.11810	1.12158	219782
1.12157	1.12492	1.11961	1.12184	191428
1.12185	1.12503	1.11525	1.12328	220105
1.12279	1.12398	1.12264	1.12398	1664
1.12393	1.12436	1.12044	1.12107	143050
1.12106	1.12381	1.11369	1.12036	169084
1.12034	1.12327	1.11888	1.12060	183577
1.12061	1.12118	1.11391	1.11469	190877
1.11470	1.12046	1.11034	1.11951	303229
1.11785	1.12016	1.11785	1.11866	2464
1.11890	1.11995	1.11307	1.11377	66792
1.11378	1.11418	1.10481	1.10535	166482
1.10536	1.10670	1.10036	1.10077	189151
1.10076	1.10577	1.09845	1.10536	169319
1.10538	1.10573	1.09703	1.09709	179492
1.09673	1.09691	1.09661	1.09689	855
1.09691	1.10072	1.09632	1.09988	94865
1.09987	1.10256	1.09692	1.09771	88254
1.09773	1.10039	1.09544	1.09734	40287
1.09733	1.10385	1.09153	1.09242	91414
1.09244	1.09290	1.08588	1.08803	39864
1.08804	1.08810	1.08730	1.08801	631
1.08803	1.08988	1.08586	1.08744	111452
1.08743	1.09041	1.08505	1.08876	89907
1.08877	1.09457	1.08736	1.09066	56726
1.09065	1.09415	1.08820	1.08972	128077
1.08968	1.09909	1.08922	1.09828	134854
1.09838	1.09898	1.09772	1.09774	2420
1.09775	1.09856	1.09358	1.09717	141381
1.09716	1.10683	1.09591	1.10554	47264
1.10553	1.11224	1.10490	1.10976	60332
1.10974	1.11251	1.10591	1.11051	125210
1.11052	1.11408	1.10793	1.11381	46715
1.10587	1.10960	1.10584	1.10826	2805
1.10827	1.11095	1.10269	1.10425	45736
1.10429	1.10662	1.10058	1.10118	40580
1.10118	1.12989	1.09054	1.09225	139235
1.09228	1.09528	1.08640	1.08813	176447
1.08810	1.09226	1.08297	1.08462	238005
1.08307	1.08395	1.08305	1.08383	1137
1.08373	1.08388	1.07085	1.07437	147890
1.07436	1.08157	1.07133	1.07229	144864
1.07230	1.07590	1.06657	1.07003	108560
1.07001	1.07448	1.06193	1.06257	89293
1.06258	1.06421	1.05687	1.05921	97068
1.05911	1.05933	1.05852	1.05862	1212
1.05864	1.06484	1.05782	1.06325	118105
1.06302	1.06570	1.05828	1.06267	115068
1.06265	1.06429	1.05256	1.05515	81559
1.05513	1.05846	1.05176	1.05559	65547
1.05558	1.06266	1.05379	1.05924	80995
1.06032	1.06049	1.05940	1.05989	1583
1.05991	1.06849	1.05631	1.06122	81520
1.06120	1.06539	1.05644	1.06481	69981
1.06479	1.06659	1.05522	1.05937	94090
1.05938	1.06679	1.05840	1.06594	90427
1.06595	1.06892	1.06248	1.06625	75701
1.06627	1.06627	1.05311	1.05330	7373
1.05341	1.07955	1.05041	1.07584	127589
1.07591	1.07845	1.06978	1.07182	66686
1.07183	1.07675	1.07093	1.07568	54990
1.07567	1.08722	1.05968	1.06128	115303
1.06129	1.06289	1.05305	1.05589	68867
1.05304	1.05494	1.05303	1.05452	1501
1.05453	1.06510	1.05248	1.06400	68676
1.06404	1.06663	1.06031	1.06246	64377
1.06247	1.06693	1.04958	1.05269	92156
1.05268	1.05268	1.03658	1.04196	115657
1.04197	1.04733	1.04002	1.04416	79325
1.04389	1.04474	1.04352	1.04459	1123
1.04460	1.04787	1.03918	1.04007	69053
1.04005	1.04172	1.03516	1.03896	62288
1.03897	1.04503	1.03819	1.04267	59077
1.04268	1.04985	1.04237	1.04349	58953
1.04348	1.04681	1.04260	1.04483	38338
1.04570	1.04575	1.04455	1.04548	674
1.04545	1.04671	1.04390	1.04524	89251
1.04519	1.04626	1.04318	1.04579	32341
1.04580	1.04790	1.03716	1.04180	49550
1.04177	1.04931	1.04134	1.04919	59051
1.04920	1.06504	1.04845	1.05239	99306
1.05141	1.05248	1.05141	1.05179	308
1.05178	1.05314	1.04498	1.04604	48907
1.04621	1.04895	1.03398	1.04088	78403
1.04087	1.04990	1.03893	1.04864	82490
1.04865	1.06145	1.04802	1.06036	111431
1.06035	1.06176	1.05244	1.05336	88890
1.05281	1.05324	1.05281	1.05316	1099
1.05315	1.05880	1.05103	1.05836	75461
1.05838	1.06264	1.05503	1.05543	86069
1.05544	1.06222	1.04531	1.05830	124544
1.05831	1.06840	1.05709	1.06118	119270
1.06117	1.06710	1.05956	1.06362	86028
1.06051	1.06286	1.06043	1.06206	1592
1.06204	1.06348	1.05788	1.05981	67494
1.05982	1.07184	1.05973	1.07101	150091
1.07100	1.07124	1.06273	1.06332	105743
1.06335	1.06759	1.05887	1.06587	106656
1.06588	1.07087	1.06246	1.06958	98867
1.07009	1.07047	1.06930	1.07023	969
1.07027	1.07717	1.07027	1.07714	73054
1.07713	1.07740	1.07196	1.07309	71398
1.07308	1.07689	1.07107	1.07483	78347
1.07481	1.07648	1.06571	1.06794	80132
1.06793	1.07241	1.06576	1.06950	67884
1.07202	1.07202	1.07102	1.07120	1360
1.07119	1.07395	1.06196	1.07003	71386
1.07004	1.08115	1.06840	1.07955	100934
1.07957	1.08066	1.07294	1.07665	107007
1.07664	1.08280	1.07552	1.07612	85090
1.07613	1.07968	1.07109	1.07791	85531
1.07874	1.07898	1.07816	1.07828	739
1.07832	1.07880	1.07051	1.07470	111674
1.07469	1.07485	1.06555	1.06802	63544
1.06804	1.07133	1.06399	1.06949	102002
1.06946	1.07088	1.06503	1.06536	82722
1.06537	1.06670	1.06070	1.06367	61625
1.06263	1.06360	1.06260	1.06305	1731
1.06306	1.06576	1.05914	1.05952	53328
1.05951	1.06326	1.05604	1.05769	63108
1.05767	1.06085	1.05207	1.05923	73924
1.05925	1.06786	1.05925	1.06684	63052
1.06686	1.06758	1.06047	1.06077	53347
1.06062	1.06245	1.06060	1.06199	1762
1.06198	1.06322	1.06025	1.06129	42548
1.06128	1.06138	1.05252	1.05347	49216
1.05349	1.05732	1.04931	1.05543	73336
1.05553	1.05944	1.05369	1.05775	63082
1.05777	1.06173	1.05565	1.05607	87178
1.05618	1.05638	1.05587	1.05590	906
1.05592	1.06297	1.05510	1.05864	55288
1.05862	1.06294	1.05690	1.05720	59784
1.05719	1.05887	1.05137	1.05492	56568
1.05493	1.05497	1.04943	1.05060	53208
1.05061	1.06166	1.05017	1.06154	64318
1.06080	1.06155	1.05991	1.06092	2544
1.06091	1.06390	1.05742	1.05812	49091
1.05809	1.06018	1.05576	1.05655	36273
1.05651	1.05733	1.05343	1.05400	30268
1.05399	1.06147	1.05245	1.05730	47249
1.05731	1.06982	1.05718	1.06858	63134
1.06841	1.06854	1.06781	1.06788	1545
1.06787	1.07136	1.06511	1.06515	46918
1.06514	1.06618	1.05996	1.06083	36422
1.06084	1.07393	1.06066	1.07300	51465
1.07301	1.07738	1.07051	1.07707	63023
1.07709	1.07815	1.07269	1.07358	45561
1.07379	1.07442	1.07359	1.07411	987
1.07412	1.07765	1.07245	1.07332	32490
1.07333	1.08187	1.07187	1.08117	40642
1.08115	1.08238	1.07753	1.07931	51702
1.07933	1.08041	1.07671	1.07815	29210
1.07816	1.08173	1.07596	1.07962	21752
1.08371	1.08371	1.08263	1.08321	1610
1.08310	1.09052	1.08289	1.08630	20250
1.08632	1.08719	1.07982	1.08123	42809
1.08124	1.08259	1.07393	1.07667	49595
1.07666	1.07680	1.06714	1.06808	32658
1.06809	1.07009	1.06639	1.06687	39986
1.06601	1.06640	1.06577	1.06579	802
1.06582	1.06803	1.06418	1.06675	35090
1.06677	1.06816	1.06350	1.06783	36097
1.06782	1.06883	1.06346	1.06658	46220
1.06659	1.06834	1.06285	1.06417	42486
1.06415	1.06635	1.05800	1.05932	50491
1.05864	1.05873	1.05817	1.05818	1228
1.05819	1.06059	1.05692	1.05931	34539
1.05932	1.06292	1.05780	1.06050	35128
1.06049	1.06743	1.05883	1.06677	44178
1.06676	1.06769	1.06086	1.06153	36063
1.06152	1.06289	1.06055	1.06111	26440
1.06150	1.06150	1.06054	1.06074	1377
1.06073	1.06696	1.06025	1.06435	28822
1.06437	1.07352	1.06367	1.07296	43849
1.07298	1.07362	1.06992	1.07091	34075
1.07090	1.07768	1.07089	1.07139	38589
1.07137	1.07373	1.06816	1.07023	36571
